1.125,0.5625,0.5625,0.5625,0.0,0.5625,0.0,0.5625,0.5625,0.625,0.5625,0.5625,0.0,0.0,0.5625,0.0,0.0,0.5625,0.5625,0.5625,0.5625,0.5625,0.5625,0.0,0.9375,0.5625,0.5625,0.5625,0.5625,0.5625,0.5625,0.0,0.5625,0.5625,0.5625,0.5625,0.5625,0.5625,0.5625,0.5625,0.5625,0.5625,0.5625,0.5625,0.5625,0.5625,0.5625,0.5625,0.5625,0.5625,0.5625,0.5625,0.5625,0.5625,0.5625,0.5625,0.5625,0.5625,0.5625,0.5625,0.5625,0.5625,0.5625,0.0
1.0,2.0,1.0,1.0,0.0,1.0,1.0,1.0,1.0,1.0,1.0,1.0,0.0,0.0,1.0,0.0,0.0,1.0,1.0,1.0,1.0,1.0,1.0,0.0,1.0,1.0,1.0,1.0,1.0,1.0,1.0,0.0,1.0,1.0,1.0,1.0,1.0,1.0,1.0,1.0,1.0,1.0,1.0,1.0,1.0,1.0,1.0,1.0,1.0,1.0,1.0,1.0,1.0,1.0,1.0,1.0,1.0,1.0,1.0,1.0,1.0,1.0,1.0,0.0
0.02912621359223301,0.02912621359223301,0.05825242718446602,0.02912621359223301,0.0,0.02912621359223301,0.02912621359223301,0.02912621359223301,0.02912621359223301,0.02912621359223301,0.02912621359223301,0.02912621359223301,0.0,0.0,0.02912621359223301,0.0,0.0,0.02912621359223301,0.02912621359223301,0.02912621359223301,0.02912621359223301,0.02912621359223301,0.02912621359223301,0.0,0.02912621359223301,0.02912621359223301,0.02912621359223301,0.02912621359223301,0.02912621359223301,0.02912621359223301,0.02912621359223301,0.0,0.02912621359223301,0.02912621359223301,0.02912621359223301,0.02912621359223301,0.03398058252427184,0.02912621359223301,0.02912621359223301,0.02912621359223301,0.02912621359223301,0.02912621359223301,0.03398058252427184,0.04854368932038835,0.03398058252427184,0.02912621359223301,0.038834951456310676,0.08252427184466019,0.02912621359223301,0.03398058252427184,0.043689320388349516,0.8495145631067961,0.04854368932038835,0.02912621359223301,0.02912621359223301,0.03398058252427184,0.02912621359223301,0.02912621359223301,0.02912621359223301,0.038834951456310676,0.02912621359223301,0.02912621359223301,0.02912621359223301,0.0
1.0,1.0,1.0,2.0,0.0,1.0,1.0,1.0,1.0,1.0,1.0,1.0,0.0,0.0,1.0,0.0,0.0,1.0,1.0,1.0,1.0,1.0,1.0,0.0,1.0,1.0,1.0,1.0,1.0,1.0,1.0,0.0,1.0,1.0,1.0,1.0,1.0,1.0,1.0,1.0,1.0,1.0,1.0,1.0,1.0,1.0,1.0,1.0,1.0,1.0,1.0,1.0,1.0,1.0,1.0,1.0,1.0,1.0,1.0,1.0,1.0,1.0,1.0,0.0
0.0,0.0,0.0,0.0,0.0,0.0,0.0,0.0,0.0,0.0,0.0,0.0,0.0,0.0,0.0,0.0,0.0,0.0,0.0,0.0,0.0,0.0,0.0,0.0,0.0,0.0,0.0,0.0,0.0,0.0,0.0,0.0,0.0,0.0,0.0,0.0,0.0,0.0,0.0,0.0,0.0,0.0,0.0,0.0,0.0,0.0,0.0,0.0,0.0,0.0,0.0,0.0,0.0,0.0,0.0,0.0,0.0,0.0,0.0,0.0,0.0,0.0,0.0,0.0
0.01515151515151493,0.01515151515151493,0.01515151515151493,0.01515151515151493,0.0,0.030303030303030082,0.01515151515151493,0.01515151515151493,0.01515151515151493,0.01515151515151493,0.01515151515151493,0.01515151515151493,0.0,0.0,0.01515151515151493,0.0,0.0,0.01515151515151493,0.01515151515151493,0.01515151515151493,0.01515151515151493,0.01515151515151493,0.01515151515151493,0.0,0.01515151515151493,0.022727272727272506,0.9621212121212119,0.030303030303030082,0.01515151515151493,0.01515151515151493,0.01515151515151493,0.0,0.01515151515151493,0.01515151515151493,0.030303030303030082,0.01515151515151493,0.01515151515151493,0.01515151515151493,0.01515151515151493,0.01515151515151493,0.01515151515151493,0.01515151515151493,0.01515151515151493,0.01515151515151493,0.01515151515151493,0.01515151515151493,0.01515151515151493,0.01515151515151493,0.01515151515151493,0.01515151515151493,0.01515151515151493,0.01515151515151493,0.01515151515151493,0.01515151515151493,0.01515151515151493,0.01515151515151493,0.01515151515151493,0.01515151515151493,0.01515151515151493,0.01515151515151493,0.01515151515151493,0.01515151515151493,0.01515151515151493,0.0
0.7592592592592593,0.7592592592592593,0.7592592592592593,0.7592592592592593,0.0,0.7592592592592593,1.5185185185185186,0.7777777777777778,0.9444444444444444,0.7592592592592593,0.7592592592592593,0.7592592592592593,0.0,0.0,0.7962962962962963,0.0,0.0,0.7592592592592593,0.7592592592592593,0.7592592592592593,0.7592592592592593,0.7592592592592593,0.7592592592592593,0.0,0.7592592592592593,0.7592592592592593,0.7592592592592593,0.7592592592592593,0.7592592592592593,0.7592592592592593,0.7592592592592593,0.0,0.7592592592592593,0.7592592592592593,0.7592592592592593,0.7592592592592593,0.7592592592592593,0.7592592592592593,0.7592592592592593,0.7592592592592593,0.7592592592592593,0.7592592592592593,0.7592592592592593,0.7592592592592593,0.7592592592592593,0.7592592592592593,0.7592592592592593,0.7592592592592593,0.7592592592592593,0.7592592592592593,0.7592592592592593,0.7592592592592593,0.7592592592592593,0.7592592592592593,0.7592592592592593,0.7592592592592593,0.7592592592592593,0.7592592592592593,0.7592592592592593,0.7592592592592593,0.7592592592592593,0.7592592592592593,0.7592592592592593,0.0
0.07407407407407407,0.07407407407407407,0.07407407407407407,0.07407407407407407,0.0,0.07407407407407407,0.09259259259259259,0.14814814814814814,0.07407407407407407,0.07407407407407407,0.07407407407407407,0.07407407407407407,0.0,0.0,0.08333333333333333,0.0,0.0,0.07407407407407407,0.07407407407407407,0.07407407407407407,0.07407407407407407,0.07407407407407407,0.08333333333333333,0.0,0.07407407407407407,0.07407407407407407,0.07407407407407407,0.07407407407407407,0.07407407407407407,0.07407407407407407,0.07407407407407407,0.0,0.07407407407407407,0.08333333333333333,0.08333333333333333,0.08333333333333333,0.07407407407407407,0.07407407407407407,0.07407407407407407,0.07407407407407407,0.07407407407407407,0.08333333333333333,0.6296296296296297,0.09259259259259259,0.07407407407407407,0.07407407407407407,0.07407407407407407,0.08333333333333333,0.07407407407407407,0.07407407407407407,0.08333333333333333,0.08333333333333333,0.07407407407407407,0.07407407407407407,0.07407407407407407,0.3055555555555556,0.07407407407407407,0.07407407407407407,0.07407407407407407,0.07407407407407407,0.07407407407407407,0.07407407407407407,0.07407407407407407,0.0
0.18518518518518517,0.18518518518518517,0.18518518518518517,0.18518518518518517,0.0,0.18518518518518517,0.9444444444444444,0.2037037037037037,0.37037037037037035,0.18518518518518517,0.18518518518518517,0.18518518518518517,0.0,0.0,0.2222222222222222,0.0,0.0,0.18518518518518517,0.18518518518518517,0.18518518518518517,0.18518518518518517,0.18518518518518517,0.18518518518518517,0.0,0.18518518518518517,0.18518518518518517,0.18518518518518517,0.18518518518518517,0.18518518518518517,0.18518518518518517,0.18518518518518517,0.0,0.18518518518518517,0.18518518518518517,0.18518518518518517,0.18518518518518517,0.18518518518518517,0.18518518518518517,0.18518518518518517,0.18518518518518517,0.18518518518518517,0.18518518518518517,0.18518518518518517,0.18518518518518517,0.18518518518518517,0.18518518518518517,0.18518518518518517,0.18518518518518517,0.18518518518518517,0.18518518518518517,0.18518518518518517,0.18518518518518517,0.18518518518518517,0.18518518518518517,0.18518518518518517,0.18518518518518517,0.18518518518518517,0.18518518518518517,0.18518518518518517,0.18518518518518517,0.18518518518518517,0.18518518518518517,0.18518518518518517,0.0
0.10204081632653061,0.10204081632653061,0.10204081632653061,0.10204081632653061,0.0,0.10204081632653061,0.10204081632653061,0.10204081632653061,0.10204081632653061,0.20408163265306123,0.10204081632653061,0.10204081632653061,0.0,0.0,0.12585034013605442,0.0,0.0,0.11224489795918367,0.10204081632653061,0.10204081632653061,0.10204081632653061,0.10884353741496598,0.14625850340136054,0.0,0.10204081632653061,0.1054421768707483,0.10204081632653061,0.10204081632653061,0.10204081632653061,0.10884353741496598,0.10204081632653061,0.0,0.10204081632653061,0.10204081632653061,0.10204081632653061,0.10204081632653061,0.1292517006802721,0.608843537414966,0.10204081632653061,0.10204081632653061,0.10204081632653061,0.10204081632653061,0.10204081632653061,0.10204081632653061,0.10884353741496598,0.36054421768707484,0.1054421768707483,0.10204081632653061,0.10204081632653061,0.10204081632653061,0.10204081632653061,0.10204081632653061,0.10204081632653061,0.10204081632653061,0.10204081632653061,0.10204081632653061,0.10204081632653061,0.10204081632653061,0.10204081632653061,0.10204081632653061,0.10204081632653061,0.10204081632653061,0.10204081632653061,0.0
0.1693548387096774,0.1693548387096774,0.1693548387096774,0.1693548387096774,0.0,0.1693548387096774,0.1693548387096774,0.1693548387096774,0.1693548387096774,0.17741935483870966,0.3387096774193548,0.1693548387096774,0.0,0.0,0.1693548387096774,0.0,0.0,0.1693548387096774,0.1693548387096774,0.1693548387096774,0.1693548387096774,0.1693548387096774,0.1693548387096774,0.0,0.1693548387096774,0.1693548387096774,0.1693548387096774,0.1693548387096774,0.1693548387096774,0.1693548387096774,0.1693548387096774,0.0,0.1693548387096774,0.1693548387096774,0.1693548387096774,0.1693548387096774,0.1693548387096774,0.1693548387096774,0.1693548387096774,0.21774193548387094,0.1693548387096774,0.1693548387096774,0.1693548387096774,0.1693548387096774,0.1693548387096774,0.1693548387096774,0.1693548387096774,0.1693548387096774,0.1693548387096774,0.1693548387096774,0.1693548387096774,0.1693548387096774,0.1693548387096774,0.1693548387096774,0.1693548387096774,0.1693548387096774,0.1693548387096774,0.9193548387096774,0.1935483870967742,0.1693548387096774,0.1693548387096774,0.1693548387096774,0.1693548387096774,0.0
0.0784313725490196,0.0784313725490196,0.0784313725490196,0.0784313725490196,0.0,0.0784313725490196,0.0784313725490196,0.0784313725490196,0.0784313725490196,0.0784313725490196,0.0784313725490196,0.1568627450980392,0.0,0.0,0.0784313725490196,0.0,0.0,0.0784313725490196,0.0784313725490196,0.0784313725490196,0.0784313725490196,0.08333333333333333,0.0784313725490196,0.0,0.0784313725490196,0.0784313725490196,0.0784313725490196,0.0784313725490196,0.09313725490196079,0.08823529411764705,0.0784313725490196,0.0,0.0784313725490196,0.0784313725490196,0.0784313725490196,0.09313725490196079,0.9362745098039216,0.08823529411764705,0.0784313725490196,0.0784313725490196,0.0784313725490196,0.0784313725490196,0.0784313725490196,0.0784313725490196,0.08333333333333333,0.0784313725490196,0.0784313725490196,0.0784313725490196,0.0784313725490196,0.0784313725490196,0.0784313725490196,0.0784313725490196,0.08333333333333333,0.0784313725490196,0.0784313725490196,0.0784313725490196,0.0784313725490196,0.0784313725490196,0.0784313725490196,0.0784313725490196,0.0784313725490196,0.0784313725490196,0.0784313725490196,0.0
0.0,0.0,0.0,0.0,0.0,0.0,0.0,0.0,0.0,0.0,0.0,0.0,0.0,0.0,0.0,0.0,0.0,0.0,0.0,0.0,0.0,0.0,0.0,0.0,0.0,0.0,0.0,0.0,0.0,0.0,0.0,0.0,0.0,0.0,0.0,0.0,0.0,0.0,0.0,0.0,0.0,0.0,0.0,0.0,0.0,0.0,0.0,0.0,0.0,0.0,0.0,0.0,0.0,0.0,0.0,0.0,0.0,0.0,0.0,0.0,0.0,0.0,0.0,0.0
0.0,0.0,0.0,0.0,0.0,0.0,0.0,0.0,0.0,0.0,0.0,0.0,0.0,0.0,0.0,0.0,0.0,0.0,0.0,0.0,0.0,0.0,0.0,0.0,0.0,0.0,0.0,0.0,0.0,0.0,0.0,0.0,0.0,0.0,0.0,0.0,0.0,0.0,0.0,0.0,0.0,0.0,0.0,0.0,0.0,0.0,0.0,0.0,0.0,0.0,0.0,0.0,0.0,0.0,0.0,0.0,0.0,0.0,0.0,0.0,0.0,0.0,0.0,0.0
0.3592233009708738,0.3592233009708738,0.3592233009708738,0.3592233009708738,0.0,0.3592233009708738,0.3592233009708738,0.3592233009708738,0.3592233009708738,0.3592233009708738,0.3592233009708738,0.3592233009708738,0.0,0.0,0.7184466019417476,0.0,0.0,0.3592233009708738,0.3592233009708738,0.3592233009708738,0.3592233009708738,0.3640776699029126,0.38349514563106796,0.0,0.3592233009708738,0.3592233009708738,0.3592233009708738,0.3592233009708738,0.3592233009708738,0.3592233009708738,0.3592233009708738,0.0,0.3592233009708738,0.3592233009708738,0.3592233009708738,0.3592233009708738,0.3640776699029126,0.3592233009708738,0.3592233009708738,0.3592233009708738,0.3592233009708738,0.3592233009708738,0.3592233009708738,0.3592233009708738,0.3592233009708738,0.3640776699029126,0.6553398058252426,0.3592233009708738,0.6553398058252426,0.3640776699029126,0.3592233009708738,0.3592233009708738,0.3592233009708738,0.3592233009708738,0.3592233009708738,0.3592233009708738,0.3592233009708738,0.3592233009708738,0.3592233009708738,0.3592233009708738,0.3592233009708738,0.3592233009708738,0.3592233009708738,0.0
0.0,0.0,0.0,0.0,0.0,0.0,0.0,0.0,0.0,0.0,0.0,0.0,0.0,0.0,0.0,0.0,0.0,0.0,0.0,0.0,0.0,0.0,0.0,0.0,0.0,0.0,0.0,0.0,0.0,0.0,0.0,0.0,0.0,0.0,0.0,0.0,0.0,0.0,0.0,0.0,0.0,0.0,0.0,0.0,0.0,0.0,0.0,0.0,0.0,0.0,0.0,0.0,0.0,0.0,0.0,0.0,0.0,0.0,0.0,0.0,0.0,0.0,0.0,0.0
0.0,0.0,0.0,0.0,0.0,0.0,0.0,0.0,0.0,0.0,0.0,0.0,0.0,0.0,0.0,0.0,0.0,0.0,0.0,0.0,0.0,0.0,0.0,0.0,0.0,0.0,0.0,0.0,0.0,0.0,0.0,0.0,0.0,0.0,0.0,0.0,0.0,0.0,0.0,0.0,0.0,0.0,0.0,0.0,0.0,0.0,0.0,0.0,0.0,0.0,0.0,0.0,0.0,0.0,0.0,0.0,0.0,0.0,0.0,0.0,0.0,0.0,0.0,0.0
0.9404761904761905,0.9404761904761905,0.9404761904761905,0.9404761904761905,0.0,0.9404761904761905,0.9404761904761905,0.9404761904761905,0.9404761904761905,0.9404761904761905,0.9404761904761905,0.9404761904761905,0.0,0.0,0.9404761904761905,0.0,0.0,1.880952380952381,0.9404761904761905,0.9404761904761905,0.9404761904761905,0.9404761904761905,0.9404761904761905,0.0,0.9404761904761905,0.9880952380952381,0.9404761904761905,0.9404761904761905,0.9404761904761905,0.9404761904761905,0.9404761904761905,0.0,0.9404761904761905,0.9404761904761905,0.9523809523809523,0.9404761904761905,0.9404761904761905,0.9404761904761905,0.9404761904761905,0.9404761904761905,0.9404761904761905,0.9404761904761905,0.9404761904761905,0.9404761904761905,0.9404761904761905,0.9404761904761905,0.9404761904761905,0.9404761904761905,0.9404761904761905,0.9404761904761905,0.9404761904761905,0.9404761904761905,0.9404761904761905,0.9404761904761905,0.9404761904761905,0.9404761904761905,0.9404761904761905,0.9404761904761905,0.9404761904761905,0.9404761904761905,0.9404761904761905,0.9404761904761905,0.9404761904761905,0.0
0.15,0.15,0.15,0.15,0.0,0.15,0.15,0.15,0.15,0.15,0.15,0.15,0.0,0.0,0.15,0.0,0.0,0.15,0.3,0.15,0.15,0.15,0.15,0.0,0.15,0.15,0.15,0.15,0.15,0.15,0.15,0.0,0.15,0.15,0.15,0.15,0.15,0.15,0.15,0.15,0.15,0.15,0.15,0.15,0.15,0.15,0.15,0.15,0.15,0.15,0.155,0.16499999999999998,0.15,0.15,0.15,0.15,0.15,0.15,0.16499999999999998,0.9450000000000001,0.15,0.15,0.15,0.0
0.9833333333333333,0.9833333333333333,0.9833333333333333,0.9916666666666666,0.0,0.9833333333333333,0.9833333333333333,0.9833333333333333,0.9833333333333333,0.9833333333333333,0.9833333333333333,0.9833333333333333,0.0,0.0,0.9833333333333333,0.0,0.0,0.9833333333333333,0.9833333333333333,1.9666666666666666,0.9833333333333333,0.9833333333333333,0.9833333333333333,0.0,0.9833333333333333,0.9833333333333333,0.9833333333333333,0.9916666666666666,0.9833333333333333,0.9833333333333333,0.9833333333333333,0.0,0.9833333333333333,0.9833333333333333,0.9833333333333333,0.9833333333333333,0.9833333333333333,0.9833333333333333,0.9833333333333333,0.9833333333333333,0.9833333333333333,0.9833333333333333,0.9833333333333333,0.9833333333333333,0.9833333333333333,0.9833333333333333,0.9833333333333333,0.9833333333333333,0.9833333333333333,0.9833333333333333,0.9833333333333333,0.9833333333333333,0.9833333333333333,0.9833333333333333,0.9833333333333333,0.9833333333333333,0.9833333333333333,0.9833333333333333,0.9833333333333333,0.9833333333333333,0.9833333333333333,0.9833333333333333,0.9833333333333333,0.0
0.21646341463414634,0.21646341463414634,0.21646341463414634,0.21646341463414634,0.0,0.21951219512195122,0.21646341463414634,0.21646341463414634,0.21646341463414634,0.21646341463414634,0.21646341463414634,0.21646341463414634,0.0,0.0,0.21646341463414634,0.0,0.0,0.21646341463414634,0.21646341463414634,0.21646341463414634,0.4329268292682927,0.21951219512195122,0.21646341463414634,0.0,0.21646341463414634,0.21646341463414634,0.21646341463414634,0.22560975609756098,0.2225609756097561,0.21951219512195122,0.21646341463414634,0.0,0.21646341463414634,0.21646341463414634,0.23170731707317072,0.8201219512195121,0.2347560975609756,0.21646341463414634,0.21646341463414634,0.21646341463414634,0.21646341463414634,0.21646341463414634,0.21951219512195122,0.22560975609756098,0.21951219512195122,0.21646341463414634,0.21646341463414634,0.21646341463414634,0.21646341463414634,0.21646341463414634,0.21951219512195122,0.21951219512195122,0.21646341463414634,0.21951219512195122,0.21646341463414634,0.21646341463414634,0.21646341463414634,0.21646341463414634,0.21646341463414634,0.21646341463414634,0.21646341463414634,0.29878048780487804,0.21646341463414634,0.0
0.12258064516129032,0.12258064516129032,0.12258064516129032,0.12258064516129032,0.0,0.12258064516129032,0.12258064516129032,0.12258064516129032,0.12258064516129032,0.12258064516129032,0.12258064516129032,0.12258064516129032,0.0,0.0,0.12903225806451613,0.0,0.0,0.12258064516129032,0.12258064516129032,0.12258064516129032,0.12258064516129032,0.24516129032258063,0.12258064516129032,0.0,0.12258064516129032,0.12258064516129032,0.12258064516129032,0.12258064516129032,0.12903225806451613,0.13548387096774192,0.12258064516129032,0.0,0.12258064516129032,0.12258064516129032,0.12258064516129032,0.12258064516129032,0.12258064516129032,0.12258064516129032,0.12258064516129032,0.12258064516129032,0.12258064516129032,0.12258064516129032,0.12258064516129032,0.12258064516129032,0.12258064516129032,0.12258064516129032,0.12258064516129032,0.12258064516129032,0.12258064516129032,0.12258064516129032,0.13225806451612904,0.12580645161290321,0.12258064516129032,0.12258064516129032,0.12258064516129032,0.12258064516129032,0.12580645161290321,0.12258064516129032,0.9451612903225807,0.13548387096774192,0.12258064516129032,0.12258064516129032,0.12258064516129032,0.0
0.04421768707482993,0.04421768707482993,0.04421768707482993,0.04421768707482993,0.0,0.04421768707482993,0.04421768707482993,0.04421768707482993,0.04421768707482993,0.14625850340136054,0.04421768707482993,0.04421768707482993,0.0,0.0,0.06802721088435373,0.0,0.0,0.05442176870748299,0.04421768707482993,0.04421768707482993,0.04421768707482993,0.05102040816326531,0.08843537414965986,0.0,0.04421768707482993,0.047619047619047616,0.04421768707482993,0.04421768707482993,0.04421768707482993,0.05102040816326531,0.04421768707482993,0.0,0.04421768707482993,0.04421768707482993,0.04421768707482993,0.04421768707482993,0.07142857142857142,0.5510204081632654,0.04421768707482993,0.04421768707482993,0.04421768707482993,0.04421768707482993,0.04421768707482993,0.04421768707482993,0.05102040816326531,0.30272108843537415,0.047619047619047616,0.04421768707482993,0.04421768707482993,0.04421768707482993,0.04421768707482993,0.04421768707482993,0.04421768707482993,0.04421768707482993,0.04421768707482993,0.04421768707482993,0.04421768707482993,0.04421768707482993,0.04421768707482993,0.04421768707482993,0.04421768707482993,0.04421768707482993,0.04421768707482993,0.0
0.0,0.0,0.0,0.0,0.0,0.0,0.0,0.0,0.0,0.0,0.0,0.0,0.0,0.0,0.0,0.0,0.0,0.0,0.0,0.0,0.0,0.0,0.0,0.0,0.0,0.0,0.0,0.0,0.0,0.0,0.0,0.0,0.0,0.0,0.0,0.0,0.0,0.0,0.0,0.0,0.0,0.0,0.0,0.0,0.0,0.0,0.0,0.0,0.0,0.0,0.0,0.0,0.0,0.0,0.0,0.0,0.0,0.0,0.0,0.0,0.0,0.0,0.0,0.0
0.9375,0.375,0.375,0.375,0.0,0.375,0.375,0.375,0.375,0.4375,0.375,0.375,0.0,0.0,0.375,0.0,0.0,0.375,0.375,0.375,0.375,0.375,0.375,0.0,0.75,0.375,0.375,0.375,0.375,0.375,0.375,0.0,0.375,0.375,0.375,0.375,0.375,0.375,0.375,0.375,0.375,0.375,0.375,0.375,0.375,0.375,0.375,0.375,0.375,0.375,0.375,0.375,0.375,0.375,0.375,0.375,0.375,0.375,0.375,0.375,0.375,0.375,0.375,0.0
0.9107142857142857,0.9107142857142857,0.9107142857142857,0.9107142857142857,0.0,0.9107142857142857,0.9107142857142857,0.9107142857142857,0.9107142857142857,0.9107142857142857,0.9107142857142857,0.9107142857142857,0.0,0.0,0.9107142857142857,0.0,0.0,0.9196428571428571,0.9107142857142857,0.9107142857142857,0.9107142857142857,0.9107142857142857,0.9107142857142857,0.0,0.9107142857142857,1.8214285714285714,0.9107142857142857,0.9107142857142857,0.9107142857142857,0.9107142857142857,0.9107142857142857,0.0,0.9196428571428571,0.9196428571428571,0.9107142857142857,0.9107142857142857,0.9107142857142857,0.9107142857142857,0.9107142857142857,0.9107142857142857,0.9107142857142857,0.9107142857142857,0.9196428571428571,0.9107142857142857,0.9107142857142857,0.9107142857142857,0.9107142857142857,0.9107142857142857,0.9107142857142857,0.9107142857142857,0.9107142857142857,0.9107142857142857,0.9107142857142857,0.9107142857142857,0.9107142857142857,0.9107142857142857,0.9107142857142857,0.9107142857142857,0.9107142857142857,0.9107142857142857,0.9107142857142857,0.9107142857142857,0.9107142857142857,0.0
0.946969696969697,0.946969696969697,0.946969696969697,0.946969696969697,0.0,0.9621212121212122,0.946969696969697,0.946969696969697,0.946969696969697,0.946969696969697,0.946969696969697,0.946969696969697,0.0,0.0,0.946969696969697,0.0,0.0,0.946969696969697,0.946969696969697,0.946969696969697,0.946969696969697,0.946969696969697,0.946969696969697,0.0,0.946969696969697,0.9545454545454546,1.893939393939394,0.9621212121212122,0.946969696969697,0.946969696969697,0.946969696969697,0.0,0.946969696969697,0.946969696969697,0.9621212121212122,0.946969696969697,0.946969696969697,0.946969696969697,0.946969696969697,0.946969696969697,0.946969696969697,0.946969696969697,0.946969696969697,0.946969696969697,0.946969696969697,0.946969696969697,0.946969696969697,0.946969696969697,0.946969696969697,0.946969696969697,0.946969696969697,0.946969696969697,0.946969696969697,0.946969696969697,0.946969696969697,0.946969696969697,0.946969696969697,0.946969696969697,0.946969696969697,0.946969696969697,0.946969696969697,0.946969696969697,0.946969696969697,0.0
0.16071428571428573,0.16071428571428573,0.16071428571428573,0.16071428571428573,0.0,0.16071428571428573,0.16071428571428573,0.16071428571428573,0.16071428571428573,0.16071428571428573,0.16071428571428573,0.16071428571428573,0.0,0.0,0.16071428571428573,0.0,0.0,0.16071428571428573,0.16071428571428573,0.1626984126984127,0.16071428571428573,0.16666666666666669,0.1626984126984127,0.0,0.16071428571428573,0.16071428571428573,0.1626984126984127,0.32142857142857145,0.4920634920634921,0.6369047619047619,0.16071428571428573,0.0,0.1626984126984127,0.16071428571428573,0.1626984126984127,0.16666666666666669,0.1646825396825397,0.1646825396825397,0.16071428571428573,0.16071428571428573,0.16071428571428573,0.16071428571428573,0.16071428571428573,0.1626984126984127,0.16071428571428573,0.16071428571428573,0.16071428571428573,0.16071428571428573,0.16071428571428573,0.16071428571428573,0.16071428571428573,0.16071428571428573,0.16071428571428573,0.16071428571428573,0.16071428571428573,0.16071428571428573,0.16071428571428573,0.16071428571428573,0.16071428571428573,0.16071428571428573,0.16071428571428573,0.16071428571428573,0.16071428571428573,0.0
0.33134920634920634,0.33134920634920634,0.33134920634920634,0.33134920634920634,0.0,0.33134920634920634,0.33134920634920634,0.33134920634920634,0.33134920634920634,0.33134920634920634,0.33134920634920634,0.33134920634920634,0.0,0.0,0.33134920634920634,0.0,0.0,0.33134920634920634,0.33134920634920634,0.3333333333333333,0.33134920634920634,0.33730158730158727,0.3333333333333333,0.0,0.33134920634920634,0.33134920634920634,0.3333333333333333,0.4920634920634921,0.6626984126984127,0.8075396825396826,0.33134920634920634,0.0,0.3333333333333333,0.33134920634920634,0.3333333333333333,0.33730158730158727,0.3353174603174603,0.3353174603174603,0.33134920634920634,0.33134920634920634,0.33134920634920634,0.33134920634920634,0.33134920634920634,0.3333333333333333,0.33134920634920634,0.33134920634920634,0.33134920634920634,0.33134920634920634,0.33134920634920634,0.33134920634920634,0.33134920634920634,0.33134920634920634,0.33134920634920634,0.33134920634920634,0.33134920634920634,0.33134920634920634,0.33134920634920634,0.33134920634920634,0.33134920634920634,0.33134920634920634,0.33134920634920634,0.33134920634920634,0.33134920634920634,0.0
0.47619047619047616,0.47619047619047616,0.47619047619047616,0.47619047619047616,0.0,0.47619047619047616,0.47619047619047616,0.47619047619047616,0.47619047619047616,0.47619047619047616,0.47619047619047616,0.47619047619047616,0.0,0.0,0.47619047619047616,0.0,0.0,0.47619047619047616,0.47619047619047616,0.47817460317460314,0.47619047619047616,0.4821428571428571,0.47817460317460314,0.0,0.47619047619047616,0.47619047619047616,0.47817460317460314,0.6369047619047619,0.8075396825396826,0.9523809523809523,0.47619047619047616,0.0,0.47817460317460314,0.47619047619047616,0.47817460317460314,0.4821428571428571,0.4801587301587301,0.4801587301587301,0.47619047619047616,0.47619047619047616,0.47619047619047616,0.47619047619047616,0.47619047619047616,0.47817460317460314,0.47619047619047616,0.47619047619047616,0.47619047619047616,0.47619047619047616,0.47619047619047616,0.47619047619047616,0.47619047619047616,0.47619047619047616,0.47619047619047616,0.47619047619047616,0.47619047619047616,0.47619047619047616,0.47619047619047616,0.47619047619047616,0.47619047619047616,0.47619047619047616,0.47619047619047616,0.47619047619047616,0.47619047619047616,0.0
0.046511627906976744,0.046511627906976744,0.046511627906976744,0.046511627906976744,0.0,0.046511627906976744,0.046511627906976744,0.046511627906976744,0.046511627906976744,0.046511627906976744,0.046511627906976744,0.046511627906976744,0.0,0.0,0.046511627906976744,0.0,0.0,0.046511627906976744,0.046511627906976744,0.046511627906976744,0.046511627906976744,0.050387596899224806,0.046511627906976744,0.0,0.046511627906976744,0.046511627906976744,0.046511627906976744,0.046511627906976744,0.046511627906976744,0.046511627906976744,0.09302325581395349,0.0,0.046511627906976744,0.06201550387596899,0.050387596899224806,0.046511627906976744,0.046511627906976744,0.046511627906976744,0.046511627906976744,0.046511627906976744,0.050387596899224806,0.8798449612403101,0.046511627906976744,0.046511627906976744,0.046511627906976744,0.046511627906976744,0.046511627906976744,0.046511627906976744,0.050387596899224806,0.046511627906976744,0.046511627906976744,0.046511627906976744,0.050387596899224806,0.12403100775193798,0.046511627906976744,0.046511627906976744,0.046511627906976744,0.046511627906976744,0.046511627906976744,0.046511627906976744,0.046511627906976744,0.05426356589147287,0.046511627906976744,0.0
0.0,0.0,0.0,0.0,0.0,0.0,0.0,0.0,0.0,0.0,0.0,0.0,0.0,0.0,0.0,0.0,0.0,0.0,0.0,0.0,0.0,0.0,0.0,0.0,0.0,0.0,0.0,0.0,0.0,0.0,0.0,0.0,0.0,0.0,0.0,0.0,0.0,0.0,0.0,0.0,0.0,0.0,0.0,0.0,0.0,0.0,0.0,0.0,0.0,0.0,0.0,0.0,0.0,0.0,0.0,0.0,0.0,0.0,0.0,0.0,0.0,0.0,0.0,0.0
0.0603448275862069,0.0603448275862069,0.0603448275862069,0.0603448275862069,0.0,0.0603448275862069,0.0603448275862069,0.0603448275862069,0.0603448275862069,0.0603448275862069,0.0603448275862069,0.0603448275862069,0.0,0.0,0.0603448275862069,0.0,0.0,0.0603448275862069,0.0603448275862069,0.0603448275862069,0.0603448275862069,0.0603448275862069,0.0603448275862069,0.0,0.06321839080459771,0.0617816091954023,0.0617816091954023,0.0603448275862069,0.0603448275862069,0.0603448275862069,0.0603448275862069,0.0,0.1206896551724138,0.0617816091954023,0.6048850574712643,0.06465517241379311,0.06896551724137931,0.0617816091954023,0.0603448275862069,0.0603448275862069,0.1163793103448276,0.06465517241379311,0.0617816091954023,0.06321839080459771,0.36063218390804597,0.06321839080459771,0.0603448275862069,0.0603448275862069,0.0617816091954023,0.0603448275862069,0.0617816091954023,0.0603448275862069,0.06321839080459771,0.0603448275862069,0.0603448275862069,0.0603448275862069,0.0603448275862069,0.0603448275862069,0.0603448275862069,0.0603448275862069,0.0603448275862069,0.0603448275862069,0.0603448275862069,0.0
0.7157894736842105,0.7157894736842105,0.7157894736842105,0.7157894736842105,0.0,0.7157894736842105,0.7157894736842105,0.7157894736842105,0.7157894736842105,0.7157894736842105,0.7157894736842105,0.7157894736842105,0.0,0.0,0.7157894736842105,0.0,0.0,0.7157894736842105,0.7157894736842105,0.7157894736842105,0.7210526315789474,0.7157894736842105,0.7157894736842105,0.0,0.7157894736842105,0.7157894736842105,0.7157894736842105,0.7210526315789474,0.7157894736842105,0.7157894736842105,0.7157894736842105,0.0,0.7157894736842105,1.431578947368421,0.7263157894736842,0.7157894736842105,0.7157894736842105,0.7157894736842105,0.7157894736842105,0.7157894736842105,0.7157894736842105,0.7368421052631579,0.7157894736842105,0.7157894736842105,0.7157894736842105,0.7157894736842105,0.7157894736842105,0.7157894736842105,0.7157894736842105,0.7157894736842105,0.7210526315789474,0.7157894736842105,0.7157894736842105,0.7157894736842105,0.7157894736842105,0.7157894736842105,0.7157894736842105,0.7157894736842105,0.7157894736842105,0.7157894736842105,0.8736842105263158,0.7157894736842105,0.7578947368421053,0.0
0.5445402298850575,0.5445402298850575,0.5445402298850575,0.5445402298850575,0.0,0.5445402298850575,0.5445402298850575,0.5445402298850575,0.5445402298850575,0.5445402298850575,0.5445402298850575,0.5445402298850575,0.0,0.0,0.5445402298850575,0.0,0.0,0.5445402298850575,0.5445402298850575,0.5445402298850575,0.5445402298850575,0.5445402298850575,0.5445402298850575,0.0,0.5474137931034483,0.5459770114942528,0.5459770114942528,0.5445402298850575,0.5445402298850575,0.5445402298850575,0.5445402298850575,0.0,0.6048850574712643,0.5459770114942528,1.089080459770115,0.5488505747126436,0.5531609195402298,0.5459770114942528,0.5445402298850575,0.5445402298850575,0.6005747126436781,0.5488505747126436,0.5459770114942528,0.5474137931034483,0.8448275862068966,0.5474137931034483,0.5445402298850575,0.5445402298850575,0.5459770114942528,0.5445402298850575,0.5459770114942528,0.5445402298850575,0.5474137931034483,0.5445402298850575,0.5445402298850575,0.5445402298850575,0.5445402298850575,0.5445402298850575,0.5445402298850575,0.5445402298850575,0.5445402298850575,0.5445402298850575,0.5445402298850575,0.0
0.6036585365853658,0.6036585365853658,0.6036585365853658,0.6036585365853658,0.0,0.6067073170731707,0.6036585365853658,0.6036585365853658,0.6036585365853658,0.6036585365853658,0.6036585365853658,0.6036585365853658,0.0,0.0,0.6036585365853658,0.0,0.0,0.6036585365853658,0.6036585365853658,0.6036585365853658,0.8201219512195121,0.6067073170731707,0.6036585365853658,0.0,0.6036585365853658,0.6036585365853658,0.6036585365853658,0.6128048780487805,0.6097560975609756,0.6067073170731707,0.6036585365853658,0.0,0.6036585365853658,0.6036585365853658,0.6189024390243902,1.2073170731707317,0.6219512195121951,0.6036585365853658,0.6036585365853658,0.6036585365853658,0.6036585365853658,0.6036585365853658,0.6067073170731707,0.6128048780487805,0.6067073170731707,0.6036585365853658,0.6036585365853658,0.6036585365853658,0.6036585365853658,0.6036585365853658,0.6067073170731707,0.6067073170731707,0.6036585365853658,0.6067073170731707,0.6036585365853658,0.6036585365853658,0.6036585365853658,0.6036585365853658,0.6036585365853658,0.6036585365853658,0.6036585365853658,0.6859756097560975,0.6036585365853658,0.0
0.8578431372549019,0.8578431372549019,0.8578431372549019,0.8578431372549019,0.0,0.8578431372549019,0.8578431372549019,0.8578431372549019,0.8578431372549019,0.8578431372549019,0.8578431372549019,0.9362745098039216,0.0,0.0,0.8578431372549019,0.0,0.0,0.8578431372549019,0.8578431372549019,0.8578431372549019,0.8578431372549019,0.8627450980392156,0.8578431372549019,0.0,0.8578431372549019,0.8578431372549019,0.8578431372549019,0.8578431372549019,0.872549019607843,0.8676470588235293,0.8578431372549019,0.0,0.8578431372549019,0.8578431372549019,0.8578431372549019,0.872549019607843,1.7156862745098038,0.8676470588235293,0.8578431372549019,0.8578431372549019,0.8578431372549019,0.8578431372549019,0.8578431372549019,0.8578431372549019,0.8627450980392156,0.8578431372549019,0.8578431372549019,0.8578431372549019,0.8578431372549019,0.8578431372549019,0.8578431372549019,0.8578431372549019,0.8627450980392156,0.8578431372549019,0.8578431372549019,0.8578431372549019,0.8578431372549019,0.8578431372549019,0.8578431372549019,0.8578431372549019,0.8578431372549019,0.8578431372549019,0.8578431372549019,0.0
0.5068027210884354,0.5068027210884354,0.5068027210884354,0.5068027210884354,0.0,0.5068027210884354,0.5068027210884354,0.5068027210884354,0.5068027210884354,0.608843537414966,0.5068027210884354,0.5068027210884354,0.0,0.0,0.5306122448979592,0.0,0.0,0.5170068027210885,0.5068027210884354,0.5068027210884354,0.5068027210884354,0.5136054421768708,0.5510204081632654,0.0,0.5068027210884354,0.5102040816326531,0.5068027210884354,0.5068027210884354,0.5068027210884354,0.5136054421768708,0.5068027210884354,0.0,0.5068027210884354,0.5068027210884354,0.5068027210884354,0.5068027210884354,0.5340136054421769,1.0136054421768708,0.5068027210884354,0.5068027210884354,0.5068027210884354,0.5068027210884354,0.5068027210884354,0.5068027210884354,0.5136054421768708,0.7653061224489797,0.5102040816326531,0.5068027210884354,0.5068027210884354,0.5068027210884354,0.5068027210884354,0.5068027210884354,0.5068027210884354,0.5068027210884354,0.5068027210884354,0.5068027210884354,0.5068027210884354,0.5068027210884354,0.5068027210884354,0.5068027210884354,0.5068027210884354,0.5068027210884354,0.5068027210884354,0.0
1.0,1.0,1.0,1.0,0.0,1.0,1.0,1.0,1.0,1.0,1.0,1.0,0.0,0.0,1.0,0.0,0.0,1.0,1.0,1.0,1.0,1.0,1.0,0.0,1.0,1.0,1.0,1.0,1.0,1.0,1.0,0.0,1.0,1.0,1.0,1.0,1.0,1.0,2.0,1.0,1.0,1.0,1.0,1.0,1.0,1.0,1.0,1.0,1.0,1.0,1.0,1.0,1.0,1.0,1.0,1.0,1.0,1.0,1.0,1.0,1.0,1.0,1.0,0.0
0.04838709677419355,0.04838709677419355,0.04838709677419355,0.04838709677419355,0.0,0.04838709677419355,0.04838709677419355,0.04838709677419355,0.04838709677419355,0.056451612903225805,0.21774193548387094,0.04838709677419355,0.0,0.0,0.04838709677419355,0.0,0.0,0.04838709677419355,0.04838709677419355,0.04838709677419355,0.04838709677419355,0.04838709677419355,0.04838709677419355,0.0,0.04838709677419355,0.04838709677419355,0.04838709677419355,0.04838709677419355,0.04838709677419355,0.04838709677419355,0.04838709677419355,0.0,0.04838709677419355,0.04838709677419355,0.04838709677419355,0.04838709677419355,0.04838709677419355,0.04838709677419355,0.04838709677419355,0.0967741935483871,0.04838709677419355,0.04838709677419355,0.04838709677419355,0.04838709677419355,0.04838709677419355,0.04838709677419355,0.04838709677419355,0.04838709677419355,0.04838709677419355,0.04838709677419355,0.04838709677419355,0.04838709677419355,0.04838709677419355,0.04838709677419355,0.04838709677419355,0.04838709677419355,0.04838709677419355,0.7983870967741935,0.07258064516129031,0.04838709677419355,0.04838709677419355,0.04838709677419355,0.04838709677419355,0.0
0.05603448275862069,0.05603448275862069,0.05603448275862069,0.05603448275862069,0.0,0.05603448275862069,0.05603448275862069,0.05603448275862069,0.05603448275862069,0.05603448275862069,0.05603448275862069,0.05603448275862069,0.0,0.0,0.05603448275862069,0.0,0.0,0.05603448275862069,0.05603448275862069,0.05603448275862069,0.05603448275862069,0.05603448275862069,0.05603448275862069,0.0,0.05890804597701149,0.05747126436781609,0.05747126436781609,0.05603448275862069,0.05603448275862069,0.05603448275862069,0.05603448275862069,0.0,0.1163793103448276,0.05747126436781609,0.6005747126436781,0.0603448275862069,0.06465517241379311,0.05747126436781609,0.05603448275862069,0.05603448275862069,0.11206896551724138,0.0603448275862069,0.05747126436781609,0.05890804597701149,0.3563218390804598,0.05890804597701149,0.05603448275862069,0.05603448275862069,0.05747126436781609,0.05603448275862069,0.05747126436781609,0.05603448275862069,0.05890804597701149,0.05603448275862069,0.05603448275862069,0.05603448275862069,0.05603448275862069,0.05603448275862069,0.05603448275862069,0.05603448275862069,0.05603448275862069,0.05603448275862069,0.05603448275862069,0.0
0.8333333333333334,0.8333333333333334,0.8333333333333334,0.8333333333333334,0.0,0.8333333333333334,0.8333333333333334,0.8333333333333334,0.8333333333333334,0.8333333333333334,0.8333333333333334,0.8333333333333334,0.0,0.0,0.8333333333333334,0.0,0.0,0.8333333333333334,0.8333333333333334,0.8333333333333334,0.8333333333333334,0.8372093023255814,0.8333333333333334,0.0,0.8333333333333334,0.8333333333333334,0.8333333333333334,0.8333333333333334,0.8333333333333334,0.8333333333333334,0.8798449612403101,0.0,0.8333333333333334,0.8488372093023256,0.8372093023255814,0.8333333333333334,0.8333333333333334,0.8333333333333334,0.8333333333333334,0.8333333333333334,0.8372093023255814,1.6666666666666667,0.8333333333333334,0.8333333333333334,0.8333333333333334,0.8333333333333334,0.8333333333333334,0.8333333333333334,0.8372093023255814,0.8333333333333334,0.8333333333333334,0.8333333333333334,0.8372093023255814,0.9108527131782946,0.8333333333333334,0.8333333333333334,0.8333333333333334,0.8333333333333334,0.8333333333333334,0.8333333333333334,0.8333333333333334,0.8410852713178295,0.8333333333333334,0.0
0.5555555555555556,0.5555555555555556,0.5555555555555556,0.5555555555555556,0.0,0.5555555555555556,0.5740740740740741,0.6296296296296297,0.5555555555555556,0.5555555555555556,0.5555555555555556,0.5555555555555556,0.0,0.0,0.5648148148148149,0.0,0.0,0.5555555555555556,0.5555555555555556,0.5555555555555556,0.5555555555555556,0.5555555555555556,0.5648148148148149,0.0,0.5555555555555556,0.5555555555555556,0.5555555555555556,0.5555555555555556,0.5555555555555556,0.5555555555555556,0.5555555555555556,0.0,0.5555555555555556,0.5648148148148149,0.5648148148148149,0.5648148148148149,0.5555555555555556,0.5555555555555556,0.5555555555555556,0.5555555555555556,0.5555555555555556,0.5648148148148149,1.1111111111111112,0.5740740740740741,0.5555555555555556,0.5555555555555556,0.5555555555555556,0.5648148148148149,0.5555555555555556,0.5555555555555556,0.5648148148148149,0.5648148148148149,0.5555555555555556,0.5555555555555556,0.5555555555555556,0.7870370370370371,0.5555555555555556,0.5555555555555556,0.5555555555555556,0.5555555555555556,0.5555555555555556,0.5555555555555556,0.5555555555555556,0.0
0.9452054794520548,0.9452054794520548,0.9452054794520548,0.9452054794520548,0.0,0.9452054794520548,0.9452054794520548,0.9452054794520548,0.9452054794520548,0.9452054794520548,0.9452054794520548,0.9452054794520548,0.0,0.0,0.9452054794520548,0.0,0.0,0.9452054794520548,0.9452054794520548,0.9452054794520548,0.9452054794520548,0.9452054794520548,0.9486301369863014,0.0,0.9452054794520548,0.9452054794520548,0.9452054794520548,0.9452054794520548,0.9452054794520548,0.9452054794520548,0.9452054794520548,0.0,0.9452054794520548,0.9452054794520548,0.9452054794520548,0.9486301369863014,0.9486301369863014,0.9452054794520548,0.9452054794520548,0.9452054794520548,0.9452054794520548,0.952054794520548,0.9486301369863014,1.8904109589041096,0.9589041095890412,0.9452054794520548,0.9452054794520548,0.9452054794520548,0.9452054794520548,0.9452054794520548,0.9486301369863014,0.9623287671232876,0.9452054794520548,0.9452054794520548,0.9452054794520548,0.9452054794520548,0.9452054794520548,0.9452054794520548,0.9452054794520548,0.9452054794520548,0.9452054794520548,0.9452054794520548,0.9452054794520548,0.0
0.30028735632183906,0.30028735632183906,0.30028735632183906,0.30028735632183906,0.0,0.30028735632183906,0.30028735632183906,0.30028735632183906,0.30028735632183906,0.30028735632183906,0.30028735632183906,0.30028735632183906,0.0,0.0,0.30028735632183906,0.0,0.0,0.30028735632183906,0.30028735632183906,0.30028735632183906,0.30028735632183906,0.30028735632183906,0.30028735632183906,0.0,0.3031609195402299,0.3017241379310345,0.3017241379310345,0.30028735632183906,0.30028735632183906,0.30028735632183906,0.30028735632183906,0.0,0.36063218390804597,0.3017241379310345,0.8448275862068966,0.30459770114942525,0.3089080459770115,0.3017241379310345,0.30028735632183906,0.30028735632183906,0.3563218390804598,0.30459770114942525,0.3017241379310345,0.3031609195402299,0.6005747126436781,0.3031609195402299,0.30028735632183906,0.30028735632183906,0.3017241379310345,0.30028735632183906,0.3017241379310345,0.30028735632183906,0.3031609195402299,0.30028735632183906,0.30028735632183906,0.30028735632183906,0.30028735632183906,0.30028735632183906,0.30028735632183906,0.30028735632183906,0.30028735632183906,0.30028735632183906,0.30028735632183906,0.0
0.2585034013605442,0.2585034013605442,0.2585034013605442,0.2585034013605442,0.0,0.2585034013605442,0.2585034013605442,0.2585034013605442,0.2585034013605442,0.36054421768707484,0.2585034013605442,0.2585034013605442,0.0,0.0,0.282312925170068,0.0,0.0,0.2687074829931973,0.2585034013605442,0.2585034013605442,0.2585034013605442,0.2653061224489796,0.30272108843537415,0.0,0.2585034013605442,0.2619047619047619,0.2585034013605442,0.2585034013605442,0.2585034013605442,0.2653061224489796,0.2585034013605442,0.0,0.2585034013605442,0.2585034013605442,0.2585034013605442,0.2585034013605442,0.2857142857142857,0.7653061224489797,0.2585034013605442,0.2585034013605442,0.2585034013605442,0.2585034013605442,0.2585034013605442,0.2585034013605442,0.2653061224489796,0.5170068027210885,0.2619047619047619,0.2585034013605442,0.2585034013605442,0.2585034013605442,0.2585034013605442,0.2585034013605442,0.2585034013605442,0.2585034013605442,0.2585034013605442,0.2585034013605442,0.2585034013605442,0.2585034013605442,0.2585034013605442,0.2585034013605442,0.2585034013605442,0.2585034013605442,0.2585034013605442,0.0
0.2961165048543689,0.2961165048543689,0.2961165048543689,0.2961165048543689,0.0,0.2961165048543689,0.2961165048543689,0.2961165048543689,0.2961165048543689,0.2961165048543689,0.2961165048543689,0.2961165048543689,0.0,0.0,0.6553398058252426,0.0,0.0,0.2961165048543689,0.2961165048543689,0.2961165048543689,0.2961165048543689,0.30097087378640774,0.3203883495145631,0.0,0.2961165048543689,0.2961165048543689,0.2961165048543689,0.2961165048543689,0.2961165048543689,0.2961165048543689,0.2961165048543689,0.0,0.2961165048543689,0.2961165048543689,0.2961165048543689,0.2961165048543689,0.30097087378640774,0.2961165048543689,0.2961165048543689,0.2961165048543689,0.2961165048543689,0.2961165048543689,0.2961165048543689,0.2961165048543689,0.2961165048543689,0.30097087378640774,0.5922330097087378,0.2961165048543689,0.5922330097087378,0.30097087378640774,0.2961165048543689,0.2961165048543689,0.2961165048543689,0.2961165048543689,0.2961165048543689,0.2961165048543689,0.2961165048543689,0.2961165048543689,0.2961165048543689,0.2961165048543689,0.2961165048543689,0.2961165048543689,0.2961165048543689,0.0
0.05339805825242718,0.0,0.0,0.0,0.0,0.0,0.0,0.0,0.05339805825242718,0.05339805825242718,0.0,0.0,0.0,0.0,0.05339805825242718,0.0,0.0,0.05339805825242718,0.05339805825242718,0.05339805825242718,0.0,0.05339805825242718,0.0,0.0,0.0,0.05339805825242718,0.05339805825242718,0.05339805825242718,0.05339805825242718,0.05339805825242718,0.0,0.0,0.0,0.05339805825242718,0.05339805825242718,0.05339805825242718,0.058252427184466014,0.05339805825242718,0.0,0.0,0.05339805825242718,0.05339805825242718,0.058252427184466014,0.07281553398058252,0.058252427184466014,0.0,0.06310679611650485,0.10679611650485436,0.0,0.058252427184466014,0.06796116504854369,0.8737864077669902,0.07281553398058252,0.0,0.0,0.058252427184466014,0.05339805825242718,0.05339805825242718,0.05339805825242718,0.06310679611650485,0.05339805825242718,0.0,0.0,0.0
0.2961165048543689,0.2961165048543689,0.2961165048543689,0.2961165048543689,0.0,0.2961165048543689,0.2961165048543689,0.2961165048543689,0.2961165048543689,0.2961165048543689,0.2961165048543689,0.2961165048543689,0.0,0.0,0.6553398058252426,0.0,0.0,0.2961165048543689,0.2961165048543689,0.2961165048543689,0.2961165048543689,0.30097087378640774,0.3203883495145631,0.0,0.2961165048543689,0.2961165048543689,0.2961165048543689,0.2961165048543689,0.2961165048543689,0.2961165048543689,0.2961165048543689,0.0,0.2961165048543689,0.2961165048543689,0.2961165048543689,0.2961165048543689,0.30097087378640774,0.2961165048543689,0.2961165048543689,0.2961165048543689,0.2961165048543689,0.2961165048543689,0.2961165048543689,0.2961165048543689,0.2961165048543689,0.30097087378640774,0.5922330097087378,0.2961165048543689,0.5922330097087378,0.30097087378640774,0.2961165048543689,0.2961165048543689,0.2961165048543689,0.2961165048543689,0.2961165048543689,0.2961165048543689,0.2961165048543689,0.2961165048543689,0.2961165048543689,0.2961165048543689,0.2961165048543689,0.2961165048543689,0.2961165048543689,0.0
0.5137931034482759,0.5137931034482759,0.5137931034482759,0.5137931034482759,0.0,0.5137931034482759,0.5137931034482759,0.5137931034482759,0.5137931034482759,0.5137931034482759,0.5137931034482759,0.5137931034482759,0.0,0.0,0.5137931034482759,0.0,0.0,0.5137931034482759,0.5137931034482759,0.5137931034482759,0.5137931034482759,0.5137931034482759,0.5137931034482759,0.0,0.5137931034482759,0.5137931034482759,0.5137931034482759,0.5137931034482759,0.5137931034482759,0.5137931034482759,0.5137931034482759,0.0,0.5137931034482759,0.5172413793103449,0.5137931034482759,0.5137931034482759,0.5137931034482759,0.5137931034482759,0.5137931034482759,0.5137931034482759,0.5137931034482759,0.5206896551724138,0.5241379310344828,0.5206896551724138,0.5137931034482759,0.5137931034482759,0.5137931034482759,0.5137931034482759,0.5137931034482759,1.0275862068965518,0.9482758620689655,0.5241379310344828,0.5137931034482759,0.5137931034482759,0.5137931034482759,0.5137931034482759,0.5137931034482759,0.5206896551724138,0.5206896551724138,0.5137931034482759,0.5137931034482759,0.5137931034482759,0.5137931034482759,0.0
0.43448275862068964,0.43448275862068964,0.43448275862068964,0.43448275862068964,0.0,0.43448275862068964,0.43448275862068964,0.43448275862068964,0.43448275862068964,0.43448275862068964,0.43448275862068964,0.43448275862068964,0.0,0.0,0.43448275862068964,0.0,0.0,0.43448275862068964,0.43448275862068964,0.43448275862068964,0.43448275862068964,0.43448275862068964,0.43448275862068964,0.0,0.43448275862068964,0.43448275862068964,0.43448275862068964,0.43448275862068964,0.43448275862068964,0.43448275862068964,0.43448275862068964,0.0,0.43448275862068964,0.4379310344827586,0.43448275862068964,0.43448275862068964,0.43448275862068964,0.43448275862068964,0.43448275862068964,0.43448275862068964,0.43448275862068964,0.4413793103448276,0.44482758620689655,0.4413793103448276,0.43448275862068964,0.43448275862068964,0.43448275862068964,0.43448275862068964,0.43448275862068964,0.9482758620689655,0.8689655172413793,0.44482758620689655,0.43448275862068964,0.43448275862068964,0.43448275862068964,0.43448275862068964,0.43448275862068964,0.4413793103448276,0.4413793103448276,0.43448275862068964,0.43448275862068964,0.43448275862068964,0.43448275862068964,0.0
0.8203883495145631,0.8203883495145631,0.8495145631067961,0.8203883495145631,0.0,0.8203883495145631,0.8203883495145631,0.8203883495145631,0.8203883495145631,0.8203883495145631,0.8203883495145631,0.8203883495145631,0.0,0.0,0.8203883495145631,0.0,0.0,0.8203883495145631,0.8203883495145631,0.8203883495145631,0.8203883495145631,0.8203883495145631,0.8203883495145631,0.0,0.8203883495145631,0.8203883495145631,0.8203883495145631,0.8203883495145631,0.8203883495145631,0.8203883495145631,0.8203883495145631,0.0,0.8203883495145631,0.8203883495145631,0.8203883495145631,0.8203883495145631,0.8252427184466019,0.8203883495145631,0.8203883495145631,0.8203883495145631,0.8203883495145631,0.8203883495145631,0.8252427184466019,0.8398058252427184,0.8252427184466019,0.8203883495145631,0.8300970873786407,0.8737864077669902,0.8203883495145631,0.8252427184466019,0.8349514563106796,1.6407766990291262,0.8398058252427184,0.8203883495145631,0.8203883495145631,0.8252427184466019,0.8203883495145631,0.8203883495145631,0.8203883495145631,0.8300970873786407,0.8203883495145631,0.8203883495145631,0.8203883495145631,0.0
0.9142857142857143,0.9142857142857143,0.9142857142857143,0.9142857142857143,0.0,0.9142857142857143,0.9142857142857143,0.9142857142857143,0.9142857142857143,0.9142857142857143,0.9142857142857143,0.9142857142857143,0.0,0.0,0.9142857142857143,0.0,0.0,0.9142857142857143,0.9142857142857143,0.9142857142857143,0.9142857142857143,0.9142857142857143,0.9142857142857143,0.0,0.9142857142857143,0.9142857142857143,0.9142857142857143,0.9142857142857143,0.9142857142857143,0.9142857142857143,0.9142857142857143,0.0,0.9142857142857143,0.9142857142857143,0.9214285714285714,0.9142857142857143,0.9214285714285714,0.9142857142857143,0.9142857142857143,0.9142857142857143,0.9142857142857143,0.9142857142857143,0.9142857142857143,0.9142857142857143,0.95,0.9214285714285714,0.9142857142857143,0.9142857142857143,0.9142857142857143,0.9142857142857143,0.9142857142857143,0.9357142857142857,1.8285714285714285,0.9214285714285714,0.9142857142857143,0.9142857142857143,0.9142857142857143,0.9142857142857143,0.9142857142857143,0.9142857142857143,0.9142857142857143,0.9142857142857143,0.9142857142857143,0.0
0.07751937984496124,0.07751937984496124,0.07751937984496124,0.07751937984496124,0.0,0.07751937984496124,0.07751937984496124,0.07751937984496124,0.07751937984496124,0.07751937984496124,0.07751937984496124,0.07751937984496124,0.0,0.0,0.07751937984496124,0.0,0.0,0.07751937984496124,0.07751937984496124,0.07751937984496124,0.07751937984496124,0.08139534883720931,0.07751937984496124,0.0,0.07751937984496124,0.07751937984496124,0.07751937984496124,0.07751937984496124,0.07751937984496124,0.07751937984496124,0.12403100775193798,0.0,0.07751937984496124,0.09302325581395349,0.08139534883720931,0.07751937984496124,0.07751937984496124,0.07751937984496124,0.07751937984496124,0.07751937984496124,0.08139534883720931,0.9108527131782946,0.07751937984496124,0.07751937984496124,0.07751937984496124,0.07751937984496124,0.07751937984496124,0.07751937984496124,0.08139534883720931,0.07751937984496124,0.07751937984496124,0.07751937984496124,0.08139534883720931,0.15503875968992248,0.07751937984496124,0.07751937984496124,0.07751937984496124,0.07751937984496124,0.07751937984496124,0.07751937984496124,0.07751937984496124,0.08527131782945736,0.07751937984496124,0.0
1.0,1.0,1.0,1.0,0.0,1.0,1.0,1.0,1.0,1.0,1.0,1.0,0.0,0.0,1.0,0.0,0.0,1.0,1.0,1.0,1.0,1.0,1.0,0.0,1.0,1.0,1.0,1.0,1.0,1.0,1.0,0.0,1.0,1.0,1.0,1.0,1.0,1.0,1.0,1.0,1.0,1.0,1.0,1.0,1.0,1.0,1.0,1.0,1.0,1.0,1.0,1.0,1.0,1.0,2.0,1.0,1.0,1.0,1.0,1.0,1.0,1.0,1.0,0.0
0.23148148148148148,0.23148148148148148,0.23148148148148148,0.23148148148148148,0.0,0.23148148148148148,0.25,0.3055555555555556,0.23148148148148148,0.23148148148148148,0.23148148148148148,0.23148148148148148,0.0,0.0,0.24074074074074076,0.0,0.0,0.23148148148148148,0.23148148148148148,0.23148148148148148,0.23148148148148148,0.23148148148148148,0.24074074074074076,0.0,0.23148148148148148,0.23148148148148148,0.23148148148148148,0.23148148148148148,0.23148148148148148,0.23148148148148148,0.23148148148148148,0.0,0.23148148148148148,0.24074074074074076,0.24074074074074076,0.24074074074074076,0.23148148148148148,0.23148148148148148,0.23148148148148148,0.23148148148148148,0.23148148148148148,0.24074074074074076,0.7870370370370371,0.25,0.23148148148148148,0.23148148148148148,0.23148148148148148,0.24074074074074076,0.23148148148148148,0.23148148148148148,0.24074074074074076,0.24074074074074076,0.23148148148148148,0.23148148148148148,0.23148148148148148,0.46296296296296297,0.23148148148148148,0.23148148148148148,0.23148148148148148,0.23148148148148148,0.23148148148148148,0.23148148148148148,0.23148148148148148,0.0
0.99,0.99,0.99,0.99,0.0,0.99,0.99,0.99,0.99,0.99,0.99,0.99,0.0,0.0,0.99,0.0,0.0,0.99,0.99,0.99,0.99,0.99,0.99,0.0,0.99,0.99,0.99,0.99,0.99,0.99,0.99,0.0,0.99,0.99,0.99,0.99,0.99,0.99,0.99,0.99,0.99,0.99,0.99,0.99,0.99,0.99,0.99,0.99,1.0,0.99,0.99,0.99,0.99,0.99,0.99,0.99,1.98,0.99,0.99,0.99,0.99,0.99,0.99,0.0
0.75,0.75,0.75,0.75,0.0,0.75,0.75,0.75,0.75,0.7580645161290323,0.9193548387096774,0.75,0.0,0.0,0.75,0.0,0.0,0.75,0.75,0.75,0.75,0.75,0.75,0.0,0.75,0.75,0.75,0.75,0.75,0.75,0.75,0.0,0.75,0.75,0.75,0.75,0.75,0.75,0.75,0.7983870967741935,0.75,0.75,0.75,0.75,0.75,0.75,0.75,0.75,0.75,0.75,0.75,0.75,0.75,0.75,0.75,0.75,0.75,1.5,0.7741935483870968,0.75,0.75,0.75,0.75,0.0
0.8225806451612904,0.8225806451612904,0.8225806451612904,0.8225806451612904,0.0,0.8225806451612904,0.8225806451612904,0.8225806451612904,0.8225806451612904,0.8225806451612904,0.8225806451612904,0.8225806451612904,0.0,0.0,0.8290322580645162,0.0,0.0,0.8225806451612904,0.8225806451612904,0.8225806451612904,0.8225806451612904,0.9451612903225807,0.8225806451612904,0.0,0.8225806451612904,0.8225806451612904,0.8225806451612904,0.8225806451612904,0.8290322580645162,0.835483870967742,0.8225806451612904,0.0,0.8225806451612904,0.8225806451612904,0.8225806451612904,0.8225806451612904,0.8225806451612904,0.8225806451612904,0.8225806451612904,0.8225806451612904,0.8225806451612904,0.8225806451612904,0.8225806451612904,0.8225806451612904,0.8225806451612904,0.8225806451612904,0.8225806451612904,0.8225806451612904,0.8225806451612904,0.8225806451612904,0.832258064516129,0.8258064516129032,0.8225806451612904,0.8225806451612904,0.8225806451612904,0.8225806451612904,0.8258064516129032,0.8225806451612904,1.6451612903225807,0.835483870967742,0.8225806451612904,0.8225806451612904,0.8225806451612904,0.0
0.795,0.795,0.795,0.795,0.0,0.795,0.795,0.795,0.795,0.795,0.795,0.795,0.0,0.0,0.795,0.0,0.0,0.795,0.9450000000000001,0.795,0.795,0.795,0.795,0.0,0.795,0.795,0.795,0.795,0.795,0.795,0.795,0.0,0.795,0.795,0.795,0.795,0.795,0.795,0.795,0.795,0.795,0.795,0.795,0.795,0.795,0.795,0.795,0.795,0.795,0.795,0.8,0.81,0.795,0.795,0.795,0.795,0.795,0.795,0.81,1.59,0.795,0.795,0.795,0.0
0.15789473684210525,0.15789473684210525,0.15789473684210525,0.15789473684210525,0.0,0.15789473684210525,0.15789473684210525,0.15789473684210525,0.15789473684210525,0.15789473684210525,0.15789473684210525,0.15789473684210525,0.0,0.0,0.15789473684210525,0.0,0.0,0.15789473684210525,0.15789473684210525,0.15789473684210525,0.16315789473684209,0.15789473684210525,0.15789473684210525,0.0,0.15789473684210525,0.15789473684210525,0.15789473684210525,0.16315789473684209,0.15789473684210525,0.15789473684210525,0.15789473684210525,0.0,0.15789473684210525,0.8736842105263158,0.16842105263157894,0.15789473684210525,0.15789473684210525,0.15789473684210525,0.15789473684210525,0.15789473684210525,0.15789473684210525,0.17894736842105263,0.15789473684210525,0.15789473684210525,0.15789473684210525,0.15789473684210525,0.15789473684210525,0.15789473684210525,0.15789473684210525,0.15789473684210525,0.16315789473684209,0.15789473684210525,0.15789473684210525,0.15789473684210525,0.15789473684210525,0.15789473684210525,0.15789473684210525,0.15789473684210525,0.15789473684210525,0.15789473684210525,0.3157894736842105,0.15789473684210525,0.19999999999999998,0.0
0.08231707317073171,0.08231707317073171,0.08231707317073171,0.08231707317073171,0.0,0.08536585365853659,0.08231707317073171,0.08231707317073171,0.08231707317073171,0.08231707317073171,0.08231707317073171,0.08231707317073171,0.0,0.0,0.08231707317073171,0.0,0.0,0.08231707317073171,0.08231707317073171,0.08231707317073171,0.29878048780487804,0.08536585365853659,0.08231707317073171,0.0,0.08231707317073171,0.08231707317073171,0.08231707317073171,0.09146341463414634,0.08841463414634147,0.08536585365853659,0.08231707317073171,0.0,0.08231707317073171,0.08231707317073171,0.0975609756097561,0.6859756097560975,0.10060975609756098,0.08231707317073171,0.08231707317073171,0.08231707317073171,0.08231707317073171,0.08231707317073171,0.08536585365853659,0.09146341463414634,0.08536585365853659,0.08231707317073171,0.08231707317073171,0.08231707317073171,0.08231707317073171,0.08231707317073171,0.08536585365853659,0.08536585365853659,0.08231707317073171,0.08536585365853659,0.08231707317073171,0.08231707317073171,0.08231707317073171,0.08231707317073171,0.08231707317073171,0.08231707317073171,0.08231707317073171,0.16463414634146342,0.08231707317073171,0.0
0.0,0.0,0.0,0.0,0.0,0.0,0.0,0.0,0.0,0.0,0.0,0.0,0.0,0.0,0.0,0.0,0.0,0.0,0.0,0.0,0.0,0.0,0.0,0.0,0.0,0.0,0.0,0.0,0.0,0.0,0.0,0.0,0.0,0.0,0.0,0.0,0.0,0.0,0.0,0.0,0.0,0.0,0.0,0.0,0.0,0.0,0.0,0.0,0.0,0.0,0.0,0.0,0.0,0.0,0.0,0.0,0.0,0.0,0.0,0.0,0.0,0.0,0.0,0.0
0.0,0.0,0.0,0.0,0.0,0.0,0.0,0.0,0.0,0.0,0.0,0.0,0.0,0.0,0.0,0.0,0.0,0.0,0.0,0.0,0.0,0.0,0.0,0.0,0.0,0.0,0.0,0.0,0.0,0.0,0.0,0.0,0.0,0.0,0.0,0.0,0.0,0.0,0.0,0.0,0.0,0.0,0.0,0.0,0.0,0.0,0.0,0.0,0.0,0.0,0.0,0.0,0.0,0.0,0.0,0.0,0.0,0.0,0.0,0.0,0.0,0.0,0.0,0.0
